27
23
25
27
25
24
39
47
25
22
47
45
23
47
24
27
24
49
39
48
43
49
27
22
28
23
25
52
24
27
42
23
49
45
22
25
24
56
25
28
36
22
57
25
26
48
49
23
39
26
26
22
24
49
43
25
26
21
25
29
29
24
26
42
45
26
25
30
28
42
26
39
46
24
28
46
51
51
23
40
23
51
46
41
26
46
40
29
47
25
50
39
49
40
47
44
25
48
46
26
46
22
43
42
49
22
44
41
44
24
43
41
43
41
55
22
39
23
51
39
25
24
46
46
22
52
27
24
26
28
27
28
29
24
24
24
27
45
23
45
28
44
57
38
41
27
43
50
43
45
23
47
25
38
24
25
21
47
49
23
49
23
22
43
21
42
56
22
26
48
23
45
25
22
25
39
23
45
22
27
46
42
47
47
25
25
23
42
25
42
46
28
25
24
25
23
27
26
23
24
25
45
50
39
41
28
41
28
24
27
25
23
23
47
22
27
23
47
42
49
52
21
27
44
23
26
49
22
42
37
46
41
28
25
51
23
23
28
42
44
51
30
24
24
23
53
28
51
44
23
30
46
25
43
24
41
40
59
37
42
24
54
40
26
23
37
23
45
53
26
41
45
46
30
25
25
27
25
23
44
24
29
24
26
25
26
42
26
29
50
41
41
53
23
44
44
24
44
42
43
29
45
40
47
27
24
25
51
25
26
44
45
25
59
41
45
25
36
39
24
23
43
45
51
39
40
24
22
25
26
25
45
44
45
38
25
25
30
26
43
44
42
22
41
46
25
22
38
37
42
51
45
24
26
46
25
25
27
44
24
27
41
26
38
47
44
40
49
26
47
23
23
21
45
46
39
38
44
28
51
25
50
49
39
39
51
43
46
51
48
23
26
26
27
24
47
24
48
29
34
43
40
22
26
42
30
46
23
42
24
25
50
48
25
27
24
23
50
42
24
43
38
28
24
41
24
46
24
42
25
28
42
38
42
55
42
37
46
23
23
22
48
43
24
44
47
24
23
44
44
43
29
48
45
25
25
42
26
44
49
24
25
46
22
24
42
43
49
23
53
44
24
46
24
25
47
29
25
25
26
23
23
26
44
23
26
25
25
42
38
24
25
24
45
24
42
24
45
46
50
37
23
24
27
44
27
24
29
41
39
42
26
52
22
24
48
49
23
26
53
25
24
46
44
44
38
26
47
48
21
40
25
43
27
23
41
43
50
45
23
24
49
46
43
54
28
45
24
51
28
49
29
47
46
25
47
23
52
27
22
23
42
28
43
23
41
23
45
48
27
46
44
25
44
49
35
43
23
26
38
25
37
38
25
24
50
55
23
45
44
23
31
49
39
43
25
23
47
51
53
49
39
25
26
25
27
27
22
28
46
28
46
46
23
25
24
25
22
41
51
25
25
41
47
37
23
43
23
37
24
23
39
22
47
45
49
39
31
25
23
27
22
26
42
40
40
28
22
50
45
22
47
41
38
42
27
28
44
25
24
42
50
47
48
28
48
31
37
27
23
23
26
40
45
48
41
23
48
24
39
25
23
48
49
41
48
30
50
53
41
27
26
25
22
27
26
41
44
50
44
28
45
23
23
59
48
24
23
23
25
37
51
46
45
46
23
54
49
46
49
50
47
29
23
27
47
43
45
47
23
42
25
22
47
23
45
28
23
25
44
25
24
47
47
29
45
56
25
45
22
23
23
53
26
47
25
58
25
24
43
28
48
28
47
43
41
41
24
45
23
44
49
42
24
48
46
24
44
26
46
46
42
49
45
26
25
25
27
24
26
22
23
22
51
49
23
39
24
23
49
22
40
52
49
53
24
50
26
22
23
57
48
24
27
29
29
49
22
45
42
25
24
30
27
44
50
52
26
25
45
49
42
23
45
29
23
45
24
47
52
26
25
40
40
46
40
41
27
50
23
24
27
22
22
22
25
46
44
24
41
24
23
56
35
26
42
26
44
43
43
47
27
25
22
55
23
46
22
46
27
45
43
41
44
48
23
26
52
44
44
22
45
30
24
25
29
44
28
47
23
23
46
23
35
26
27
53
43
28
23
25
22
47
41
23
27
25
47
22
28
48
24
39
42
47
51
48
51
23
24
25
32
38
37
25
23
44
26
24
24
24
28
25
54
45
39
26
24
26
25
45
44
53
44
52
21
44
25
41
25
46
47
28
26
26
54
23
23
46
47
24
26
22
46
42
25
50
26
42
50
24
36
22
28
41
47
24
23
24
25
44
43
45
27
24
49
29
25
42
40
