29
34
11
35
35
37
10
11
40
37
 9
34
 9
35
33
 9
35
34
 7
12
 9
32
32
12
36
 9
30
13
36
31
37
33
10
11
33
 7
12
 7
34
27
14
12
10
 9
35
 9
30
42
31
28
 7
11
31
42
 7
 7
27
10
10
29
29
13
31
11
 9
28
44
30
42
 9
 8
13
13
11
37
12
36
32
35
10
10
10
 7
 8
11
 9
 7
 9
14
31
13
35
 9
10
 7
14
36
37
41
10
10
41
32
41
12
18
34
 9
 8
43
45
34
31
28
 8
12
36
 8
40
11
36
31
 8
33
32
34
10
35
12
38
12
32
12
39
 9
 8
11
12
 7
 7
10
11
27
31
32
10
 7
31
12
36
10
 9
 8
36
28
12
33
 9
11
 7
10
28
36
 9
33
36
 9
35
12
29
 9
36
 9
30
37
32
12
13
 9
 9
11
35
 9
47
41
35
32
41
13
38
40
 8
10
37
41
35
35
 9
 8
 9
 7
11
 9
14
31
36
12
42
 9
37
42
26
 9
10
36
 9
10
10
10
14
38
10
 8
32
35
31
40
13
33
11
11
10
46
 9
43
33
 9
30
 9
 9
13
10
11
35
37
 8
45
13
38
31
46
 9
31
35
 6
32
36
32
12
33
34
36
14
 8
36
31
12
12
10
 8
33
35
 7
11
32
35
37
38
 9
33
28
31
39
32
11
13
51
32
32
 8
10
17
12
34
37
50
39
34
16
30
28
 7
32
 8
 7
29
10
34
36
 9
 9
11
14
43
33
11
45
31
 9
 9
32
13
14
35
35
 8
37
 6
35
26
34
35
29
33
13
12
37
34
37
32
 7
12
 9
35
 9
 6
26
 8
15
 7
32
26
 9
30
10
31
 9
11
34
34
35
31
10
32
10
41
41
12
 9
10
36
 8
32
37
12
35
14
 8
 7
 9
34
40
 8
10
 9
40
 9
28
 9
 8
13
30
 9
10
33
31
33
33
36
29
 9
10
11
13
30
39
35
11
39
14
35
 9
41
35
10
 6
30
 9
11
10
12
 8
33
 9
30
39
 8
32
41
35
28
29
43
36
10
11
36
12
13
14
 9
 9
 8
30
31
33
 9
31
39
13
38
31
33
27
42
10
36
37
36
13
43
 9
30
 9
 9
38
 9
 8
11
11
41
29
31
22
33
 6
30
14
38
30
 7
10
11
33
39
39
37
10
31
34
10
12
12
41
10
42
14
34
35
 8
30
 9
11
10
33
36
 9
10
 9
 9
 7
11
35
 9
44
36
33
34
35
 7
37
 8
29
 7
30
11
12
 9
37
11
33
41
41
35
39
38
38
34
29
36
10
36
40
 7
32
 8
 8
34
 6
39
35
33
37
36
11
10
 9
38
27
10
13
13
 9
 7
51
36
29
35
10
33
12
11
 8
36
50
36
31
 8
11
31
27
34
 7
15
16
44
35
35
32
 8
29
34
39
33
12
13
30
 7
11
 8
14
34
10
10
31
 7
11
 9
33
30
11
 7
 8
34
39
11
 8
11
10
10
35
35
15
 9
31
11
28
34
 9
10
 8
28
35
 8
37
40
45
11
27
11
32
 9
 7
 8
10
 8
 7
 9
10
10
 8
29
34
 7
32
33
33
 8
 8
13
11
35
43
10
40
36
32
 8
 7
 7
33
11
41
 8
35
30
29
 7
30
10
16
11
37
32
37
30
 7
41
 9
27
11
11
39
29
32
11
35
 8
10
14
 8
 7
41
35
12
10
 8
 9
33
24
13
33
10
15
 8
36
31
45
40
43
29
30
13
11
14
 9
40
39
 7
43
13
35
10
13
10
 8
38
11
32
10
38
12
39
 7
36
38
44
41
12
 6
35
12
31
10
11
12
36
 8
31
13
13
11
10
30
17
32
 9
 8
 8
28
28
28
29
37
34
41
41
37
29
39
37
27
10
33
34
 9
 9
 9
31
35
37
34
11
41
10
 9
 6
33
38
10
 8
13
32
19
33
25
26
 6
11
40
40
10
41
11
 8
 9
13
37
40
34
12
 6
 8
39
33
37
33
13
13
14
 7
13
38
30
10
37
34
33
37
32
40
10
29
 8
 9
32
37
 8
10
 7
 9
16
 9
38
30
 9
 7
38
30
33
15
42
30
 8
11
14
34
11
36
33
39
 7
12
10
11
33
12
32
39
14
10
11
11
36
 8
 9
35
12
42
 7
29
20
36
14
35
 8
37
14
39
 8
42
33
36
 8
 8
42
 8
11
42
 9
 8
24
 8
12
11
26
13
 8
11
35
14
10
41
 8
11
 9
 8
12
32
35
39
35
38
10
33
41
39
35
38
30
33
31
39
 8
31
13
14
 9
35
39
32
34
11
28
41
37
 8
 7
 9
 7
44
10
36
 8
32
34
29
33
 9
 7
 9
37
38
 9
42
 9
31
 9
36
 6
11
 8
 9
 7
 7
13
 9
10
36
 6
34
44
39
 8
 9
44
11
34
 8
32
