0;tile X32Y10;140;149.99702381;-34.9970238095;-25;X32Y10;100;11289600
1;tile X30Y02;120;129.99702381;45.0029761905;55;X30Y02;100;11289600
2;tile X30Y01;120;129.99702381;55.0029761905;65;X30Y01;100;11289600
3;tile X29Y02;110;119.99702381;45.0029761905;55;X29Y02;100;11289600
4;tile X29Y01;110;119.99702381;55.0029761905;65;X29Y01;100;11289600
5;tile X28Y04;100;109.99702381;25.0029761905;35;X28Y04;100;11289600
6;tile X28Y03;100;109.99702381;35.0029761905;45;X28Y03;100;11289600
7;tile X27Y04;90;99.9970238095;25.0029761905;35;X27Y04;100;11289600
8;tile X27Y03;90;99.9970238095;35.0029761905;45;X27Y03;100;11289600
9;tile X27Y02;90;99.9970238095;45.0029761905;55;X27Y02;100;11289600
10;tile X27Y01;90;99.9970238095;55.0029761905;65;X27Y01;100;11289600
11;tile X27Y00;90;99.9970238095;65.0029761905;75;X27Y00;100;11289600
12;tile X26Y04;80;89.9970238095;25.0029761905;35;X26Y04;100;11289600
13;tile X26Y03;80;89.9970238095;35.0029761905;45;X26Y03;100;11289600
14;tile X26Y02;80;89.9970238095;45.0029761905;55;X26Y02;100;11289600
15;tile X26Y01;80;89.9970238095;55.0029761905;65;X26Y01;100;11289600
16;tile X25Y04;70;79.9970238095;25.0029761905;35;X25Y04;100;11289600
17;tile X25Y03;70;79.9970238095;35.0029761905;45;X25Y03;100;11289600
18;tile X25Y02;70;79.9970238095;45.0029761905;55;X25Y02;100;11289600
19;tile X25Y01;70;79.9970238095;55.0029761905;65;X25Y01;100;11289600
20;tile X24Y03;60;69.9970238095;35.0029761905;45;X24Y03;100;11289600
21;tile X24Y02;60;69.9970238095;45.0029761905;55;X24Y02;100;11289600
22;tile X24Y01;60;69.9970238095;55.0029761905;65;X24Y01;100;11289600
23;tile X23Y01;50;59.9970238095;55.0029761905;65;X23Y01;100;11289600
24;tile X21Y06;30;39.9970238095;5.00297619048;15;X21Y06;100;11289600
25;tile X20Y09;20;29.9970238095;-24.9970238095;-15;X20Y09;100;11289600
26;tile X20Y06;20;29.9970238095;5.00297619048;15;X20Y06;100;11289600
27;tile X20Y05;20;29.9970238095;15.0029761905;25;X20Y05;100;11289600
28;tile X19Y06;10;19.9970238095;5.00297619048;15;X19Y06;100;11289600
29;tile X19Y05;10;19.9970238095;15.0029761905;25;X19Y05;100;11289600
30;tile X18Y05;0;9.99702380952;15.0029761905;25;X18Y05;100;11289600
31;tile X18Y04;0;9.99702380952;25.0029761905;35;X18Y04;100;11289600
32;tile X17Y05;-10;-0.00297619047619;15.0029761905;25;X17Y05;100;11289600
33;tile X13Y08;-50;-40.0029761905;-14.9970238095;-5;X13Y08;100;11289600
34;tile X12Y09;-60;-50.0029761905;-24.9970238095;-15;X12Y09;100;11289600
35;tile X12Y08;-60;-50.0029761905;-14.9970238095;-5;X12Y08;100;11289600
36;tile X11Y10;-70;-60.0029761905;-34.9970238095;-25;X11Y10;100;11289600
37;tile X11Y09;-70;-60.0029761905;-24.9970238095;-15;X11Y09;100;11289600
38;tile X11Y08;-70;-60.0029761905;-14.9970238095;-5;X11Y08;100;11289600
39;tile X11Y07;-70;-60.0029761905;-4.99702380952;5;X11Y07;100;11289600
40;tile X08Y03;-100;-90.0029761905;35.0029761905;45;X08Y03;100;11289600
41;tile X07Y03;-110;-100.00297619;35.0029761905;45;X07Y03;100;11289600
42;tile X07Y02;-110;-100.00297619;45.0029761905;55;X07Y02;100;11289600
43;tile X07Y01;-110;-100.00297619;55.0029761905;65;X07Y01;100;11289600
44;tile X06Y03;-120;-110.00297619;35.0029761905;45;X06Y03;100;11289600
45;tile X06Y02;-120;-110.00297619;45.0029761905;55;X06Y02;100;11289600
46;tile X05Y01;-130;-120.00297619;55.0029761905;65;X05Y01;100;11289600
47;tile X13Y00;-50;-40.0029761905;65.0029761905;75;X13Y00;100;11289584
48;tile X22Y01;40;49.9970238095;55.0029761905;65;X22Y01;100;11287218
49;tile X20Y02;20;29.9970238095;45.0029761905;55;X20Y02;100;11273343
50;tile X28Y01;100;109.99702381;55.0029761905;65;X28Y01;100;11254670
51;tile X20Y07;20;29.9970238095;-4.99702380952;5;X20Y07;100;11249238
52;tile X29Y04;110;119.99702381;25.0029761905;35;X29Y04;100;11224612
53;tile X20Y08;20;29.9970238095;-14.9970238095;-5;X20Y08;100;11194841
54;tile X17Y06;-10;-0.00297619047619;5.00297619048;15;X17Y06;100;11179762
55;tile X28Y00;100;109.99702381;65.0029761905;75;X28Y00;100;11171352
56;tile X07Y04;-110;-100.00297619;25.0029761905;35;X07Y04;100;11134223
57;tile X24Y04;60;69.9970238095;25.0029761905;35;X24Y04;100;11120820
58;tile X22Y02;40;49.9970238095;45.0029761905;55;X22Y02;100;11071482
59;tile X06Y01;-120;-110.00297619;55.0029761905;65;X06Y01;100;11037547
60;tile X10Y02;-80;-70.0029761905;45.0029761905;55;X10Y02;100;11035517
61;tile X19Y07;10;19.9970238095;-4.99702380952;5;X19Y07;100;11034095
62;tile X28Y02;100;109.99702381;45.0029761905;55;X28Y02;100;11006344
63;tile X08Y02;-100;-90.0029761905;45.0029761905;55;X08Y02;100;10948989
64;tile X12Y07;-60;-50.0029761905;-4.99702380952;5;X12Y07;100;10914997
65;tile X29Y03;110;119.99702381;35.0029761905;45;X29Y03;100;10873899
66;tile X22Y04;40;49.9970238095;25.0029761905;35;X22Y04;100;10848835
67;tile X23Y02;50;59.9970238095;45.0029761905;55;X23Y02;100;10831932
68;tile X21Y07;30;39.9970238095;-4.99702380952;5;X21Y07;100;10821610
69;tile X21Y08;30;39.9970238095;-14.9970238095;-5;X21Y08;100;10775804
70;tile X21Y01;30;39.9970238095;55.0029761905;65;X21Y01;100;10760624
71;tile X19Y02;10;19.9970238095;45.0029761905;55;X19Y02;100;10697704
72;tile X31Y01;130;139.99702381;55.0029761905;65;X31Y01;100;10697667
73;tile X31Y09;130;139.99702381;-24.9970238095;-15;X31Y09;100;10697152
74;tile X18Y06;0;9.99702380952;5.00297619048;15;X18Y06;100;10629926
75;tile X17Y04;-10;-0.00297619047619;25.0029761905;35;X17Y04;100;10546923
76;tile X21Y02;30;39.9970238095;45.0029761905;55;X21Y02;100;10497245
77;tile X10Y07;-80;-70.0029761905;-4.99702380952;5;X10Y07;100;10426807
78;tile X31Y02;130;139.99702381;45.0029761905;55;X31Y02;100;10401453
79;tile X26Y00;80;89.9970238095;65.0029761905;75;X26Y00;100;10393913
80;tile X22Y05;40;49.9970238095;15.0029761905;25;X22Y05;100;10383684
81;tile X09Y03;-90;-80.0029761905;35.0029761905;45;X09Y03;100;10355339
82;tile X29Y00;110;119.99702381;65.0029761905;75;X29Y00;100;10094139
83;tile X12Y10;-60;-50.0029761905;-34.9970238095;-25;X12Y10;100;9936701
84;tile X30Y09;120;129.99702381;-24.9970238095;-15;X30Y09;100;9899944
85;tile X20Y10;20;29.9970238095;-34.9970238095;-25;X20Y10;100;9811467
86;tile X22Y03;40;49.9970238095;35.0029761905;45;X22Y03;100;9802994
87;tile X13Y09;-50;-40.0029761905;-24.9970238095;-15;X13Y09;100;9631822
88;tile X14Y00;-40;-30.0029761905;65.0029761905;75;X14Y00;100;9586018
89;tile X23Y04;50;59.9970238095;25.0029761905;35;X23Y04;100;9569030
90;tile X31Y10;130;139.99702381;-34.9970238095;-25;X31Y10;100;9484772
91;tile X09Y02;-90;-80.0029761905;45.0029761905;55;X09Y02;100;9483573
92;tile X28Y05;100;109.99702381;15.0029761905;25;X28Y05;100;9467119
93;tile X30Y00;120;129.99702381;65.0029761905;75;X30Y00;100;9447040
94;tile X21Y05;30;39.9970238095;15.0029761905;25;X21Y05;100;9272440
95;tile X10Y08;-80;-70.0029761905;-14.9970238095;-5;X10Y08;100;9244452
96;tile X04Y01;-140;-130.00297619;55.0029761905;65;X04Y01;100;9219147
97;tile X25Y05;70;79.9970238095;15.0029761905;25;X25Y05;100;9216094
98;tile X08Y01;-100;-90.0029761905;55.0029761905;65;X08Y01;100;9060324
99;tile X11Y02;-70;-60.0029761905;45.0029761905;55;X11Y02;100;9043331
100;tile X30Y10;120;129.99702381;-34.9970238095;-25;X30Y10;100;9007983
101;tile X20Y01;20;29.9970238095;55.0029761905;65;X20Y01;100;9001222
102;tile X23Y03;50;59.9970238095;35.0029761905;45;X23Y03;100;9000567
103;tile X32Y00;140;149.99702381;65.0029761905;75;X32Y00;100;8971703
104;tile X18Y02;0;9.99702380952;45.0029761905;55;X18Y02;100;8934576
105;tile X22Y06;40;49.9970238095;5.00297619048;15;X22Y06;100;8884877
106;tile X11Y11;-70;-60.0029761905;-44.9970238095;-35;X11Y11;100;8659073
107;tile X32Y09;140;149.99702381;-24.9970238095;-15;X32Y09;100;8658231
108;tile X06Y00;-120;-110.00297619;65.0029761905;75;X06Y00;100;8637719
109;tile X21Y04;30;39.9970238095;25.0029761905;35;X21Y04;100;8593202
110;tile X19Y01;10;19.9970238095;55.0029761905;65;X19Y01;100;8297633
111;tile X08Y00;-100;-90.0029761905;65.0029761905;75;X08Y00;100;8171891
112;tile X19Y04;10;19.9970238095;25.0029761905;35;X19Y04;100;8087739
113;tile X09Y00;-90;-80.0029761905;65.0029761905;75;X09Y00;100;8067485
114;tile X27Y05;90;99.9970238095;15.0029761905;25;X27Y05;100;8063055
115;tile X02Y01;-160;-150.00297619;55.0029761905;65;X02Y01;100;8018689
116;tile X19Y08;10;19.9970238095;-14.9970238095;-5;X19Y08;100;8002680
117;tile X08Y04;-100;-90.0029761905;25.0029761905;35;X08Y04;100;7929218
118;tile X30Y03;120;129.99702381;35.0029761905;45;X30Y03;100;7882852
119;tile X19Y09;10;19.9970238095;-24.9970238095;-15;X19Y09;100;7865412
120;tile X25Y00;70;79.9970238095;65.0029761905;75;X25Y00;100;7838746
121;tile X20Y04;20;29.9970238095;25.0029761905;35;X20Y04;100;7837932
122;tile X10Y01;-80;-70.0029761905;55.0029761905;65;X10Y01;100;7801704
123;tile X05Y02;-130;-120.00297619;45.0029761905;55;X05Y02;100;7796304
124;tile X07Y00;-110;-100.00297619;65.0029761905;75;X07Y00;100;7786520
125;tile X20Y03;20;29.9970238095;35.0029761905;45;X20Y03;100;7641776
126;tile X31Y00;130;139.99702381;65.0029761905;75;X31Y00;100;7561482
127;tile X10Y03;-80;-70.0029761905;35.0029761905;45;X10Y03;100;7482291
128;tile X21Y09;30;39.9970238095;-24.9970238095;-15;X21Y09;100;7471581
129;tile X23Y05;50;59.9970238095;15.0029761905;25;X23Y05;100;7440513
130;tile X17Y03;-10;-0.00297619047619;35.0029761905;45;X17Y03;100;7326125
131;tile X16Y05;-20;-10.0029761905;15.0029761905;25;X16Y05;100;7186192
132;tile X05Y00;-130;-120.00297619;65.0029761905;75;X05Y00;100;7008821
133;tile X33Y00;150;159.99702381;65.0029761905;75;X33Y00;100;6921591
134;tile X21Y03;30;39.9970238095;35.0029761905;45;X21Y03;100;6842767
135;tile X33Y01;150;159.99702381;55.0029761905;65;X33Y01;100;6837789
136;tile X26Y05;80;89.9970238095;15.0029761905;25;X26Y05;100;6815235
137;tile X29Y07;110;119.99702381;-4.99702380952;5;X29Y07;100;6758848
138;tile X34Y01;160;169.99702381;55.0029761905;65;X34Y01;100;6737516
139;tile X02Y00;-160;-150.00297619;65.0029761905;75;X02Y00;100;6713916
140;tile X32Y01;140;149.99702381;55.0029761905;65;X32Y01;100;6682064
141;tile X09Y04;-90;-80.0029761905;25.0029761905;35;X09Y04;100;6544764
142;tile X20Y00;20;29.9970238095;65.0029761905;75;X20Y00;100;6437596
143;tile X11Y06;-70;-60.0029761905;5.00297619048;15;X11Y06;100;6421886
144;tile X23Y00;50;59.9970238095;65.0029761905;75;X23Y00;100;6338970
145;tile X15Y00;-30;-20.0029761905;65.0029761905;75;X15Y00;100;6219934
146;tile X10Y00;-80;-70.0029761905;65.0029761905;75;X10Y00;100;6106579
147;tile X11Y01;-70;-60.0029761905;55.0029761905;65;X11Y01;100;6075454
148;tile X24Y00;60;69.9970238095;65.0029761905;75;X24Y00;100;5964841
149;tile X29Y10;110;119.99702381;-34.9970238095;-25;X29Y10;100;5881881
150;tile X03Y00;-150;-140.00297619;65.0029761905;75;X03Y00;100;5828911
151;tile X03Y01;-150;-140.00297619;55.0029761905;65;X03Y01;100;5662545
152;tile X06Y04;-120;-110.00297619;25.0029761905;35;X06Y04;100;5568325
153;tile X08Y05;-100;-90.0029761905;15.0029761905;25;X08Y05;100;5510483
154;tile X35Y00;170;179.99702381;65.0029761905;75;X35Y00;100;5465298
155;tile X10Y12;-80;-70.0029761905;-54.9970238095;-45;X10Y12;100;5394713
156;tile X12Y00;-60;-50.0029761905;65.0029761905;75;X12Y00;100;5361124
157;tile X22Y09;40;49.9970238095;-24.9970238095;-15;X22Y09;100;5326683
158;tile X34Y00;160;169.99702381;65.0029761905;75;X34Y00;100;5298407
159;tile X18Y03;0;9.99702380952;35.0029761905;45;X18Y03;100;5270887
160;tile X10Y06;-80;-70.0029761905;5.00297619048;15;X10Y06;100;5248440
161;tile X04Y00;-140;-130.00297619;65.0029761905;75;X04Y00;100;5193669
162;tile X28Y06;100;109.99702381;5.00297619048;15;X28Y06;100;4941723
163;tile X28Y07;100;109.99702381;-4.99702380952;5;X28Y07;100;4837254
164;tile X17Y02;-10;-0.00297619047619;45.0029761905;55;X17Y02;100;4821679
165;tile X32Y11;140;149.99702381;-44.9970238095;-35;X32Y11;100;4809456
166;tile X07Y05;-110;-100.00297619;15.0029761905;25;X07Y05;100;4797758
167;tile X16Y06;-20;-10.0029761905;5.00297619048;15;X16Y06;100;4777845
168;tile X32Y08;140;149.99702381;-14.9970238095;-5;X32Y08;100;4611607
169;tile X13Y01;-50;-40.0029761905;55.0029761905;65;X13Y01;100;4323170
170;tile X19Y03;10;19.9970238095;35.0029761905;45;X19Y03;100;4210244
171;tile X21Y00;30;39.9970238095;65.0029761905;75;X21Y00;100;4167844
172;tile X10Y11;-80;-70.0029761905;-44.9970238095;-35;X10Y11;100;4102195
173;tile X14Y08;-40;-30.0029761905;-14.9970238095;-5;X14Y08;100;3970389
174;tile X13Y07;-50;-40.0029761905;-4.99702380952;5;X13Y07;100;3954584
175;tile X05Y03;-130;-120.00297619;35.0029761905;45;X05Y03;100;3889022
176;tile X22Y07;40;49.9970238095;-4.99702380952;5;X22Y07;100;3883794
177;tile X12Y02;-60;-50.0029761905;45.0029761905;55;X12Y02;100;3603770
178;tile X19Y10;10;19.9970238095;-34.9970238095;-25;X19Y10;100;3519598
179;tile X19Y00;10;19.9970238095;65.0029761905;75;X19Y00;100;3519045
180;tile X35Y01;170;179.99702381;55.0029761905;65;X35Y01;100;3495223
181;tile X01Y01;-170;-160.00297619;55.0029761905;65;X01Y01;100;3421608
182;tile X31Y08;130;139.99702381;-14.9970238095;-5;X31Y08;100;3384765
183;tile X25Y06;70;79.9970238095;5.00297619048;15;X25Y06;100;3370207
184;tile X11Y00;-70;-60.0029761905;65.0029761905;75;X11Y00;100;3307916
185;tile X18Y01;0;9.99702380952;55.0029761905;65;X18Y01;100;3279495
186;tile X09Y06;-90;-80.0029761905;5.00297619048;15;X09Y06;100;3204149
187;tile X33Y10;150;159.99702381;-34.9970238095;-25;X33Y10;100;3143536
188;tile X11Y12;-70;-60.0029761905;-54.9970238095;-45;X11Y12;100;3052578
189;tile X29Y09;110;119.99702381;-24.9970238095;-15;X29Y09;100;3044499
190;tile X01Y00;-170;-160.00297619;65.0029761905;75;X01Y00;100;3006908
191;tile X31Y07;130;139.99702381;-4.99702380952;5;X31Y07;100;2926172
192;tile X31Y03;130;139.99702381;35.0029761905;45;X31Y03;100;2913321
193;tile X30Y06;120;129.99702381;5.00297619048;15;X30Y06;100;2910830
194;tile X22Y00;40;49.9970238095;65.0029761905;75;X22Y00;100;2880001
195;tile X00Y00;-180;-170.00297619;65.0029761905;75;X00Y00;100;2832235
196;tile X29Y05;110;119.99702381;15.0029761905;25;X29Y05;100;2818594
197;tile X09Y05;-90;-80.0029761905;15.0029761905;25;X09Y05;100;2811655
198;tile X35Y11;170;179.99702381;-44.9970238095;-35;X35Y11;100;2689977
199;tile X30Y07;120;129.99702381;-4.99702380952;5;X30Y07;100;2518202
200;tile X09Y01;-90;-80.0029761905;55.0029761905;65;X09Y01;100;2222962
201;tile X32Y03;140;149.99702381;35.0029761905;45;X32Y03;100;2083515
202;tile X10Y05;-80;-70.0029761905;15.0029761905;25;X10Y05;100;2064585
203;tile X17Y01;-10;-0.00297619047619;55.0029761905;65;X17Y01;100;1991506
204;tile X32Y02;140;149.99702381;45.0029761905;55;X32Y02;100;1964396
205;tile X27Y06;90;99.9970238095;5.00297619048;15;X27Y06;100;1857303
206;tile X30Y04;120;129.99702381;25.0029761905;35;X30Y04;100;1765793
207;tile X16Y04;-20;-10.0029761905;25.0029761905;35;X16Y04;100;1740443
208;tile X10Y10;-80;-70.0029761905;-34.9970238095;-25;X10Y10;100;1602684
209;tile X31Y04;130;139.99702381;25.0029761905;35;X31Y04;100;1535181
210;tile X33Y02;150;159.99702381;45.0029761905;55;X33Y02;100;1526751
211;tile X21Y10;30;39.9970238095;-34.9970238095;-25;X21Y10;100;1517661
212;tile X30Y08;120;129.99702381;-14.9970238095;-5;X30Y08;100;1499049
213;tile X10Y09;-80;-70.0029761905;-24.9970238095;-15;X10Y09;100;1396734
214;tile X29Y08;110;119.99702381;-14.9970238095;-5;X29Y08;100;1362946
215;tile X27Y07;90;99.9970238095;-4.99702380952;5;X27Y07;100;1333675
216;tile X12Y06;-60;-50.0029761905;5.00297619048;15;X12Y06;100;1246997
217;tile X32Y07;140;149.99702381;-4.99702380952;5;X32Y07;100;1244722
218;tile X30Y05;120;129.99702381;15.0029761905;25;X30Y05;100;1242587
219;tile X12Y11;-60;-50.0029761905;-44.9970238095;-35;X12Y11;100;1182043
220;tile X22Y08;40;49.9970238095;-14.9970238095;-5;X22Y08;100;1018140
221;tile X16Y00;-20;-10.0029761905;65.0029761905;75;X16Y00;100;971820
222;tile X33Y08;150;159.99702381;-14.9970238095;-5;X33Y08;100;912061
223;tile X18Y07;0;9.99702380952;-4.99702380952;5;X18Y07;100;871341
224;tile X28Y08;100;109.99702381;-14.9970238095;-5;X28Y08;100;855593
225;tile X29Y06;110;119.99702381;5.00297619048;15;X29Y06;100;836515
226;tile X16Y01;-20;-10.0029761905;55.0029761905;65;X16Y01;100;815877
227;tile X11Y13;-70;-60.0029761905;-64.9970238095;-55;X11Y13;100;804554
228;tile X13Y10;-50;-40.0029761905;-34.9970238095;-25;X13Y10;100;715700
229;tile X11Y03;-70;-60.0029761905;35.0029761905;45;X11Y03;100;705445
230;tile X12Y13;-60;-50.0029761905;-64.9970238095;-55;X12Y13;100;697697
231;tile X26Y06;80;89.9970238095;5.00297619048;15;X26Y06;100;697529
232;tile X24Y05;60;69.9970238095;15.0029761905;25;X24Y05;100;674317
233;tile X34Y12;160;169.99702381;-54.9970238095;-45;X34Y12;100;660501
234;tile X10Y04;-80;-70.0029761905;25.0029761905;35;X10Y04;100;635420
235;tile X12Y01;-60;-50.0029761905;55.0029761905;65;X12Y01;100;526634
236;tile X34Y09;160;169.99702381;-24.9970238095;-15;X34Y09;100;520849
237;tile X33Y09;150;159.99702381;-24.9970238095;-15;X33Y09;100;501728
238;tile X09Y07;-90;-80.0029761905;-4.99702380952;5;X09Y07;100;473042
239;tile X04Y02;-140;-130.00297619;45.0029761905;55;X04Y02;100;457626
240;tile X23Y06;50;59.9970238095;5.00297619048;15;X23Y06;100;450549
241;tile X11Y05;-70;-60.0029761905;15.0029761905;25;X11Y05;100;427537
242;tile X14Y07;-40;-30.0029761905;-4.99702380952;5;X14Y07;100;422874
243;tile X15Y01;-30;-20.0029761905;55.0029761905;65;X15Y01;100;417297
244;tile X14Y09;-40;-30.0029761905;-24.9970238095;-15;X14Y09;100;408176
245;tile X00Y01;-180;-170.00297619;55.0029761905;65;X00Y01;100;343058
246;tile X01Y02;-170;-160.00297619;45.0029761905;55;X01Y02;100;327458
247;tile X34Y11;160;169.99702381;-44.9970238095;-35;X34Y11;100;323961
248;tile X31Y11;130;139.99702381;-44.9970238095;-35;X31Y11;100;321538
249;tile X35Y09;170;179.99702381;-24.9970238095;-15;X35Y09;100;315507
250;tile X34Y08;160;169.99702381;-14.9970238095;-5;X34Y08;100;311667
251;tile X33Y07;150;159.99702381;-4.99702380952;5;X33Y07;100;288816
252;tile X08Y06;-100;-90.0029761905;5.00297619048;15;X08Y06;100;281695
253;tile X02Y05;-160;-150.00297619;15.0029761905;25;X02Y05;100;241743
254;tile X06Y05;-120;-110.00297619;15.0029761905;25;X06Y05;100;234709
255;tile X12Y12;-60;-50.0029761905;-54.9970238095;-45;X12Y12;100;234379
256;tile X00Y02;-180;-170.00297619;45.0029761905;55;X00Y02;100;210254
257;tile X09Y08;-90;-80.0029761905;-14.9970238095;-5;X09Y08;100;187569
258;tile X34Y02;160;169.99702381;45.0029761905;55;X34Y02;100;178025
259;tile X17Y07;-10;-0.00297619047619;-4.99702380952;5;X17Y07;100;161294
260;tile X00Y09;-180;-170.00297619;-24.9970238095;-15;X00Y09;100;145291
261;tile X08Y07;-100;-90.0029761905;-4.99702380952;5;X08Y07;100;131387
262;tile X22Y10;40;49.9970238095;-34.9970238095;-25;X22Y10;100;126799
263;tile X23Y09;50;59.9970238095;-24.9970238095;-15;X23Y09;100;122187
264;tile X35Y12;170;179.99702381;-54.9970238095;-45;X35Y12;100;110761
265;tile X14Y12;-40;-30.0029761905;-54.9970238095;-45;X14Y12;100;109099
266;tile X35Y02;170;179.99702381;45.0029761905;55;X35Y02;100;108459
267;tile X25Y07;70;79.9970238095;-4.99702380952;5;X25Y07;100;84409
268;tile X15Y05;-30;-20.0029761905;15.0029761905;25;X15Y05;100;81997
269;tile X33Y11;150;159.99702381;-44.9970238095;-35;X33Y11;100;73603
270;tile X15Y03;-30;-20.0029761905;35.0029761905;45;X15Y03;100;73565
271;tile X16Y02;-20;-10.0029761905;45.0029761905;55;X16Y02;100;67719
272;tile X23Y08;50;59.9970238095;-14.9970238095;-5;X23Y08;100;67114
273;tile X13Y13;-50;-40.0029761905;-64.9970238095;-55;X13Y13;100;56822
274;tile X05Y04;-130;-120.00297619;25.0029761905;35;X05Y04;100;53639
275;tile X00Y11;-180;-170.00297619;-44.9970238095;-35;X00Y11;100;42307
276;tile X35Y10;170;179.99702381;-34.9970238095;-25;X35Y10;100;37843
277;tile X17Y00;-10;-0.00297619047619;65.0029761905;75;X17Y00;100;32711
278;tile X10Y13;-80;-70.0029761905;-64.9970238095;-55;X10Y13;100;31232
279;tile X31Y06;130;139.99702381;5.00297619048;15;X31Y06;100;30549
280;tile X29Y11;110;119.99702381;-44.9970238095;-35;X29Y11;100;23053
281;tile X23Y07;50;59.9970238095;-4.99702380952;5;X23Y07;100;21297
282;tile X35Y08;170;179.99702381;-14.9970238095;-5;X35Y08;100;18486
283;tile X15Y06;-30;-20.0029761905;5.00297619048;15;X15Y06;100;17628
284;tile X32Y04;140;149.99702381;25.0029761905;35;X32Y04;100;15102
285;tile X02Y02;-160;-150.00297619;45.0029761905;55;X02Y02;100;13730
286;tile X01Y05;-170;-160.00297619;15.0029761905;25;X01Y05;100;13116
287;tile X33Y12;150;159.99702381;-54.9970238095;-45;X33Y12;100;9320
288;tile X14Y03;-40;-30.0029761905;35.0029761905;45;X14Y03;100;8641
289;tile X34Y07;160;169.99702381;-4.99702380952;5;X34Y07;100;7359
290;tile X11Y04;-70;-60.0029761905;25.0029761905;35;X11Y04;100;6008
291;tile X27Y08;90;99.9970238095;-14.9970238095;-5;X27Y08;100;5797
292;tile X00Y04;-180;-170.00297619;25.0029761905;35;X00Y04;100;5591
293;tile X12Y03;-60;-50.0029761905;35.0029761905;45;X12Y03;100;4243
294;tile X34Y10;160;169.99702381;-34.9970238095;-25;X34Y10;100;3569
295;tile X14Y01;-40;-30.0029761905;55.0029761905;65;X14Y01;100;2682
296;tile X07Y06;-110;-100.00297619;5.00297619048;15;X07Y06;100;1670
297;tile X13Y12;-50;-40.0029761905;-54.9970238095;-45;X13Y12;100;1517
298;tile X31Y05;130;139.99702381;15.0029761905;25;X31Y05;100;1166